[0, 1, 2, 3, 4, 5, 6, 7, 8, 9,
 10, 11, 13, 12, 14, 15, 16, 17, 18, 19
 20, 21, 22, 23, 24, 25, 26, 27. 28, 29
 30, 31, 32, 33, 34, 35, 36, 37, 38, 39
 40, 41, 42, 43, 44, 45, 46, 47, 48, 49
 50, 51, 52, 53, 54, 55, 56, 57, 58, 59
 60, 61, 62, 63, 64, 65, 66, 67, 68, 69
 70, 71, 72, 73, 74, 75,   , 77, 78, 79
 80, 81, 82, 83, 84, 85, 86, 87, 89, 
 90, 91, 92, 93, 94, 97
 100, 103, 104, 106, 107,
 110, 112, 113, 114, 116
 124, 125, 127, 128,
 130, 131, 132, 135, 137
 144, 145, 146, 147, 148, 
 150, 151, 153, 154, 155, 156, 159
 160, 162, 165
 171, 173, 174, 176, 177, 179
 180, 184, 185
 190, 195, 197, 198, 199,
 200, 201, 204, 208
 211, 216, 219, 
 221, 224, 226, 227, 
 233, 235, 239,
 240, 243, 248,
 250, 252,
 260, 261, 263, 264, 265, 267, 269,
 277,
 281, 282, 283, 284, 285, 287, 288,
 291, 292, 293, 294, 295, 297]

 NEW:
 [299, 300, 301, 302]